IT 2003	  56789	      2011        275250
MATH 1000 89012	      2009        275200
NATSCI 10512345	      2008        300325
COMP 2000 23456	      2010        100100
IT 2003	  56789	      2008        125100
MATH 1000 78901	      2008        200200
NATSCI 10012345	      2010        325325
HIST 1000 45678	      2008        350325
COMP 2000 34567	      2011        350325
NATSCI 10012345	      2012        350325
IT 2001	  56789	      2011        225225
COMP 2000 67890	      2012        275225
NATSCI 10512345	      2010        300250
COMP 2000 34567	      2009        275275
IT 2001	  34567	      2009        375300
NATSCI 10512345	      2012        300300
HIST 1000 45678	      2010        225250
NATSCI 10012345	      2011        200175
IT 2003	  56789	      2010        325275
HIST 1000 45678	      2011        250200
NATSCI 10512345	      2009        350325
MATH 1000 78901	      2010        100150
IT 2003	  56789	      2012        200200